-----Merge Sort Parallel using OpenMP-----

To get elapsed time, compile with OpenMP's flag -fopenmp

Array size: 10000
Time elapsed: 0.025295 seconds

Array sorted:
Array too big to print
- First 100 values: 
57501
126741
228960
280471
398400
525506
666165
716584
799486
1074434
1137780
1895404
2157471
2485523
2568826
2823023
3882507
4318378
4477308
4730272
4737634
4814243
5046362
5174244
5212320
5639885
5783290
5992000
6101798
6297047
6559719
6581435
6609459
6657915
6718369
6812697
6927747
7141576
7744761
7861428
8376101
8469683
8597560
8743634
8876258
9573824
9694547
9698190
9856228
9873505
10126628
10192035
10417456
10466310
10534467
10766928
10929071
11042804
11492646
12094151
12465914
12733338
12761671
12844921
12863853
12929700
13000633
13305021
13834165
13885020
14088207
14160957
14251296
14568985
14610898
15110212
15175278
15326276
15586517
15819011
16012027
16055553
16312207
16462559
16760944
16986927
17024884
17375335
17451621
17773878
17793995
18497782
18542685
18666852
18762291
19470686
19735844
19930263
20146829
20572988

...
- Last 100 values: 
2125611451
2126209449
2126297388
2126575576
2126894082
2126958317
2127090177
2127677286
2127898939
2128003434
2128390086
2128520283
2128941738
2128992047
2129531710
2129612600
2129823818
2129931856
2130141234
2130226343
2130304138
2130353892
2130488601
2130885898
2130973242
2131071368
2131076499
2131172382
2131227626
2131270677
2131336269
2131966212
2132071370
2132169537
2132440922
2132715472
2133031479
2133830354
2134070882
2134309596
2134462695
2134681168
2135201270
2135247630
2135371742
2135377127
2135453002
2135714213
2136053839
2136077773
2136509371
2136702708
2136773677
2137416852
2137859213
2138045460
2138113949
2138230845
2138312834
2138447676
2138593860
2139052413
2139577332
2140257117
2140900881
2141078404
2141114708
2141181569
2141228083
2141564108
2141748755
2141906264
2142303585
2142396380
2142553975
2142738095
2142787294
2142868749
2143052109
2143300841
2143311208
2143350674
2143557426
2143609906
2143939379
2144372673
2144442276
2144805930
2145337496
2145503596
2145604559
2146205081
2146284152
2146577231
2146674885
2146685360
2146784245
2146786980
2146985884
2146997040

