|-----Merge Sort Parallel using PThread-----|

- Array size: 1000000
Merge sort timer starts
The merge sort took 0.060859 seconds to execute
Array sorted:
Array too big to print
- First 100 values: 
3014
8259
9208
12534
12880
13706
14500
16359
17892
19623
21644
22457
24297
26486
27718
29214
29836
30574
31208
33753
34433
36826
36830
36966
38698
41041
42096
44629
45118
47631
50272
50890
51577
60233
64148
64357
65178
65462
65957
65966
67678
71604
74434
75477
76612
80068
84636
86279
86432
86942
87787
89708
92456
94834
98574
98997
99140
106276
111707
112653
113419
115899
116852
126028
126468
128447
129639
129687
130570
138296
143399
143545
144365
146948
147333
148666
151510
153519
157472
162268
163597
163669
164314
170178
171812
172490
176476
183286
190195
192372
192723
192770
193852
194309
195062
199583
206953
207707
208324
211978
...
- Last 100 values: 
2147248207
2147249012
2147252461
2147256685
2147257217
2147258222
2147265079
2147268266
2147268424
2147269097
2147274600
2147275907
2147278278
2147287933
2147288575
2147289693
2147289707
2147293072
2147294823
2147295513
2147295681
2147302648
2147303692
2147306372
2147311731
2147313621
2147318584
2147319800
2147324683
2147326321
2147327711
2147327869
2147329438
2147336577
2147340151
2147341716
2147344794
2147346362
2147347242
2147347463
2147353411
2147355638
2147357160
2147358165
2147362300
2147362574
2147363988
2147364770
2147372325
2147373790
2147374905
2147379348
2147393850
2147401503
2147401901
2147404640
2147406520
2147406826
2147408167
2147408547
2147408563
2147408721
2147411099
2147413477
2147418321
2147422911
2147423936
2147427850
2147429977
2147431731
2147433031
2147435051
2147436951
2147441257
2147446719
2147447300
2147449677
2147450487
2147451248
2147451626
2147451973
2147451997
2147454250
2147455101
2147455539
2147455642
2147456272
2147461084
2147462104
2147462216
2147463687
2147467381
2147468584
2147470953
2147473285
2147474041
2147479313
2147479663
2147480722
2147481342
