-----Merge Sort Sequential-----

Array size: 1000000
Merge sort timer startsThe merge sort took 0.142180 seconds to executeArray sorted:
Array too big to print
- First 100 values: 
1090
1890
4858
7762
9695
10094
12222
13078
18141
19315
23385
24496
33560
33633
36586
40475
42327
44147
44336
44750
46102
48455
49724
51632
53129
53494
53753
55931
59255
60823
60998
62524
62557
63887
64288
70555
73698
74738
74817
75604
76330
79785
82254
85424
86276
86310
90596
92444
97359
97447
99870
101958
102315
104435
105267
109857
116720
118223
126754
126902
127605
129228
132440
132734
135410
138499
138518
139168
140392
145628
150653
152367
152606
153361
155106
158810
162406
168062
170852
172914
175629
175998
176531
177860
178700
181081
183127
187626
188629
188927
190016
190548
192501
194576
195962
196578
196847
196898
198623
205121

...
- Last 100 values: 
2147253790
2147255396
2147255856
2147255898
2147256122
2147256135
2147257973
2147262639
2147263075
2147263197
2147265180
2147269501
2147276415
2147277274
2147278265
2147278636
2147282435
2147283540
2147286965
2147288753
2147291724
2147292043
2147293280
2147293492
2147296646
2147297495
2147299080
2147301453
2147306704
2147306846
2147307485
2147308253
2147311210
2147312407
2147315408
2147315729
2147317193
2147324045
2147325730
2147326261
2147326333
2147333958
2147337239
2147337407
2147338181
2147340288
2147342403
2147343376
2147343591
2147345623
2147347896
2147353332
2147354644
2147355796
2147364203
2147364894
2147378921
2147383735
2147385852
2147395299
2147398000
2147399485
2147404956
2147407597
2147411950
2147413345
2147416412
2147420152
2147421522
2147421694
2147422665
2147423798
2147423878
2147424319
2147424395
2147424620
2147430124
2147431141
2147436014
2147437282
2147438040
2147440630
2147440890
2147441376
2147441814
2147442530
2147447226
2147449159
2147456135
2147458800
2147462236
2147462768
2147464878
2147465048
2147465628
2147470344
2147474050
2147475799
2147481035
2147481081

