|-----Merge Sort Parallel using OpenMP-----|

- Array size: 1000000
Number of threads: 4
Merge sort timer starts
The merge sort took 0.039666 seconds to execute
Array sorted:
Array too big to print
- First 100 values: 
1071
19041
21776
21862
31621
32282
36093
39633
41118
43345
45772
50747
60955
62574
76257
85067
88367
90705
92641
96839
103083
103785
109210
110656
110848
112066
122311
122764
124530
126609
132398
133719
134759
136233
146338
147653
151386
155019
155908
158163
158410
158604
164234
172296
174528
175247
176409
181529
181741
182423
182658
192405
196697
201556
206746
207478
209445
222319
227808
243726
247280
247951
252747
253319
256501
258779
261050
270781
274251
275935
276437
296704
303435
307320
314215
315259
315958
327458
332315
335873
341164
343180
347040
350345
357741
372612
373959
381204
384594
387826
389862
395330
396694
396892
398536
402572
406282
406876
419988
426753

...
- Last 100 values: 
460698223
530149402
841347104
1578981516
1758056056
244100616
535465729
523071911
10012967
628718381
2115360233
1578244571
238368007
862806655
1906373837
1520101722
1244881084
1020023031
382862254
637866249
1712230859
650437857
1384719081
204437764
1382168070
1489971273
1484665674
9707863
283623717
1501655620
1593282319
744321940
2031805022
287145776
175819809
1642377430
531246392
711285538
17965694
541259359
1340003919
2133325927
2119503931
1578371926
848648934
1878394120
950990000
2093530019
750933503
1333852254
583912620
315680714
1984290111
1968631702
520118479
1218974533
1311119327
2004784153
1228682396
1594743044
1358956126
674481068
191581337
1243277500
961626844
367401146
738171283
1492873236
1078686684
756136977
2034132595
271206955
741979256
2006152878
1849578881
1590628190
1737063350
653085233
1536674561
340513205
1986937488
2120587182
656193920
1823743951
1941735236
1176312399
895234837
1105370915
1033612904
2123917233
552630311
245085382
650914653
744211648
1488362883
1612541497
1111612794
79050518
957931085
42815830

