-----Merge Sort Parallel using PThread-----

To get elapsed time, compile with OpenMP's flag -fopenmp

Array size: 10000
Time elapsed: 6.069753 seconds

Array sorted:
Array too big to print
- First 100 values: 
59170
64512
83197
913734
930120
1180092
1202810
1412472
1603235
1672132
2027685
2292378
2600124
2800960
2821826
3070746
4286534
4287077
4311158
4503265
4694399
4722158
4766757
4800318
5218427
5774056
6054568
6191591
7789653
7985231
8504856
8954279
8988937
9207231
9443384
9783917
9843438
9936610
9945566
10445029
10633016
10960089
11238151
11362527
11741445
11802867
11838130
11879899
11982296
12353905
12538305
12559853
12727070
12877205
13052035
13297461
13604883
14060535
14617636
14874578
15607534
15683261
15727808
15814729
15893598
16338808
16499239
16727378
16900048
16997829
17036455
17118054
17351969
17746408
17848153
18018936
18037563
18130703
18213008
18466528
19106850
19555753
19591780
19619166
19631801
19886297
20377870
20477357
21328137
21359308
21428327
21869588
22010292
22078376
22487458
22528836
22831746
23027426
23056976
23147834

...
- Last 100 values: 
2129151707
2129160340
2129362843
2129466390
2129729591
2129772184
2130397643
2130590400
2130687937
2131317767
2131474448
2131475738
2131754042
2131873334
2131926312
2132319836
2132492274
2133330714
2133345937
2133399117
2133528077
2133663653
2133689902
2133841465
2133849914
2133954827
2134182602
2134245148
2134782001
2134888951
2134899181
2134961211
2135038765
2135088303
2135361770
2135457599
2135489941
2135513926
2135695177
2135710367
2136395746
2136784628
2136863142
2136998285
2137351091
2137854041
2137975751
2138089768
2138360155
2138427189
2138428256
2138512486
2138636007
2138877238
2139090514
2139275318
2139317799
2139690533
2139901200
2139987800
2140387978
2140563296
2140920876
2141196279
2141561460
2141895828
2141972458
2142061766
2142145750
2142213393
2142231189
2142363770
2142419791
2142574810
2142607412
2142717583
2142856465
2142897924
2142944821
2143225471
2143292815
2143313894
2143330303
2143710193
2143942783
2144108735
2144153349
2144415532
2144727007
2144834910
2144930696
2145057991
2145715237
2146001529
2146001583
2146303919
2146396357
2146804313
2146955172
2147027315

